601130048
601110076-T
602250001
601130083
601130262
601130049-1
601210181
601110700
601130055
601280001
601120023-1
601110701
601250055
601130050-1
601130180
604180000
601130277
601130216
601130060
601210167
601130278
601130286
601130052
601110272
601120080
604180300
601130279
601130103
601130053
601170041
601130021
601130219
601110374
601130054
601270037
601250016
601110245
601120156
601110375
601130056
601110162
601170100
601130269
601120157
602130004
601130057
601170230
601120020
601130376
601130248
601110110
601130058
601120133
601130178
602110004
601110210-C
601130059
601120132
601130144
605180000
601260013
604180050
601120016
601130145
601170312
601260010
601110111
601270093
601130351
601130419
601170400
604180040
601110112
601260012
601130373
601130430
602110100
604180041
601110113
601110011
601130425
601130068
604180020
601130700
601110114
601110092
601130250
604180010
601130701
601130355
601210027
601130271
601130088-12
604180001
601130148
601130352
601110023
601130185
601130088-10
604180021
601110221
601110116
601130412
601130191
601130177
602120004
601130027
601120026
601250009
601130140
601130377
601130356
601130077
601130350
601170181
601130141
601130088-14
601130281
601110248-M
601130300
601210053
601130142
601130378
601130020
601110164-4
601130311
602230000
601130406
601110041
601130357
601140012-0
601130313-1
601130417
601110042
601130421
601140016
601130320-1
601130258
601110216
601110320
601130160
601170170
601130330
601270010
601110183
601110321
601130161
601170171
601130335
602120003
601110043
601130022
601170172
601130340
602120001
601130003
601130227
601270102
601130310
602120000
601130431
601130228
601170313
601130374
602110002
601130061
601270076
601130229
601170173
601130375
602110000
601130062
601250070
601130264
601210154
601130370
602110001
601110270
601130470
601130218
601130372
602120002
601250017
601120115
601130217
601250004-09
601170149
602170000
601110083
601110044
601130004-M
601170153
602130000
601120083
601130393
601250056
601170154
601110154
601170155
601210170
601210160
601270055
601120156-V
601170156
601210165
601270056
601130257
601120156-VF
601230011
601210161
601270054
601170500
601170136
601230012
601250011
601110342
601270057
601110118
604180005
601210107
601110082
601130176
601130023
602150100
601260001
601130266
601130272
601170059
601110379
601210073
601110026
601130190
601120152
601110482
601130360
601250005
601130450
601130187
601110182
604180002
601250012
601110180
601120109
601260053
601110249
601110073
601170151
601120017
601120107
601130358
601110006-1
601110074
601170152
601110164
601130031
601270101
601170307
601110075
601120000
601130414
601130315
601110210-M
601110004-13
601110076
601220000
601130063
601130319
601130282
601120024-12
601110079
601130064
601170150
601260060
601130274
601110080
601110246
601130135
601110108
601260071
601130287
601210083
601130136
601130316
601260091
601130288
601210084
601130137
601130175
601260095
601130289
605110300
601130138
601120023-2
601110211-M
601110133
601240003
601260003
601110084
601130149
601220031
601130230
601120027
601260004
601110085
601130069
601220032
601120028
601260005
601130401
601130070
601110244
601120029
601110012
601110350
601130150
601210009
601210003
601130305
601130110
601120096
601120031
601210052
602260022
601110301
601130321
601110072
601170021
601210150
601130317
601110181
601170250
602110005
601210090
601110090
601170252
601110551
601170030
604070000
601110201
601170270
601110552
601170031
601270070
601110215
601120027-32
601110553
601170035
601130259
601110217
601120036-32
601110554
601280000
601270031
601110236
601170063
601110555
601110120
601220003
601120019
601170053
604180201
601110124
601110273
601130223
601110212
601170401
601110121
601210014
601130224
601130354
601170064
601110122
601130225
601110213
604180060
601170033
601110171
601130249
602110050
601120036
601280002
601170165
602210002
601170350
601120037
601210180
601170166
601170182
601110276
601120038
601170167
601210184
601110277
601120039
601230019
601170168
601130002
601110354
601110127
601130036
601170160
601110370
601150000
601130181
601130101
601170161
601130501
601110252
601130195
601210023
601170162
601170048
604180022
601130193
601170195
601170163
601170049
601110372
601130183
601170196
601170020
601170072
601110373
601130186
601130276
601170054
604180023
601130194
602220001
601130275
601170047
604180019
601130182
601170101
601130312
601110175
601110702
601130184
601130302
601170116
601120153
601130188
601250003
601130303
601110176
601130551
601110002
601130197
601230033
601130196
601110177
601110222
601120097
601130198
601130019
601130129
601110231
601110000
601130192
601130130
601110073-44
601170006
601170040
601110056
601130131
601110371
601170008
601110003
601130199
601130132
601130254
601170009
601120001
601170129
601170070
601130133
601170102
601170011
601120002
601170130
601240006
601130418
601110390
601110090
601120003
601110260
601240005
601130065
601130304
601110091
601210001
601110130
601270050
601130066
601110340
601110094
601210002
601130086
601260014
601130429
601110341
601110101
601110117
601120033
601210162
601130200
601130490
601250002
601110211
601120034
601250018
601120024
601210168
601110247-L
601110210
601170050
602250000
601120075
601210169
601250014
601110227
601170051
601270024
601120076
601210159
602220005
601110206
601170060
602210000
601210016
601140012-1
601110211-L
601110235
601170061
601270048
601170016
601130451
601170309
601110210-L
601170080
601130102
601130167
601110222-M
601110141
601120110
601110165
601110430
601110005-L
601130265
601110140
601110161
601110166
601110125
601110203
601130251
601130109
601110480
601170304
601130252
601110218
601130075
601110483
601130253
601110143
601130127
601110219
601140042
601120130
601130270
601110142
601130014
601210173
601140012-3
601120024-1
601120005
601210163
601130043
601210004
601130030
601170128
601120007
601110169
601130044
601120018
601140029
601170127
601120008
601230018
601120006
601210051
601140030
601250022
601120009
601250037
601120044
601210035
601170120
601110248
601120009-50
601250025
601110071
601110208
601110274
601130146
601120011
601250004
601110025
601110237
601110351
601130071
601120012
601250006
601110038
601110238
601170271
601110081
601120013
601110024
601170052
601170135
601110004
601120013-50
601110037
601170062
601110400
601170140
601120015
601110013
601170081
601110324
601240000
601250013
601110064
601170071
601110431
601110334
601240001
601110271
601110100
601170090
601180000
601130173
601240002
601270016
601130301
601110010
601110352
601210005
601120042
601220002
601140000
601180050
601110248-L
601110014
601120043
601130263
601140001
601110550
601130511
601110015
601120046
601170110
601140002
601110126
601130283
601110016
601120045
601140003
601170251
601170306
601120047
601210081
601140010
601170272
601260006
601120048
602220002
601140011
601170253
601130247
601210006
601120049
602220003
601140012
601170273
601130246
601110019
601120050
601170032
601140013
601170183
601130245
601110020
601120051
601270011
601170111
601170184
601130244
601110021
601120052
601270012
601170112
601130072
601130379
601110022
601130100
601270071
601170113
601130153
601130308
601110018
601130087
601210182
601170114
601130154
601130169
601210008
601130256
601170115
601110050-60
601130168
601130107
601260015
601140020
601110484
601130163
601210048
601140025
601110241
601130164
601210059
601140026
601110600
601130309
601110028
601110098
601110078
601170036
601130306
601130600
601110097
601270026
601120091
601130155
601130243
601110102
601110077
601120092
601130156
601130284
601110093
601120053
601170180
601130157
601130242
601110091
601120041
601170185
601130290
601210013
601110094
601120035
601140027
601120000-17
601130291
601110033
601110095
601120004
601140028
601120200
601120010
601110035
601110096
601170007
601250026
601130323
601120158
601110034
601110101
601110226
601250029
601120095
601110325
601110036
601110104
601250030
601110229
601110435
601110032
601110105
601210201
601250036
601110089
601110209
601210015
601210055
601210200
601250035
601120180
601110230
601110040
601130111
601210044
601250031
601110152
601110207-4
601120084
601110132
601250032
601110153
601110031
601120081
601230020
601180101
602130001
601110232
601120085
601130139
601230060
601280003
602130002
601110239-L
601120082
601230021
601130076
602130003
601110234
601120086
601230022
601130179
601130165
602170001
601110233
601130004
601130112
601130166
602110003
601110233-L
601130005
601130113
601270080
605110005
601110104.1
601130008
601230023
601230001
601130001
601130114
601250019
601130073
601230024
601260011
601230051
601110178
601170027
601130007
601110099
601260066
601230062
601120181
601130285
601130013
601110106
601260070
601130702
601170303
601130314
601130006
601130089
601260008
601110606
601170300
601130035
601230003
601130099
601210104
601110107
601170305
601130422
601130009
601130090
601130267
601110066
601170302
601130147
601130012
601130091
601170037
601130015
601170301
601130601
601260000
601130092
601250007
601240010
601110072-4
601120021
601130093
602270000
601120150
601110326
601120022
601130095
601210060
601120154
601110436
601120023
601130096
601130413
601120155
601110608
601130550
601130097
601130128
601110210-7
601110173
601130098
601130134
601130172
601120182
601110001
601130261
601110620
601130220
601130104
601230004
601130324
601110621
601130222
601130105
601110622
601130106
601130390
601110067
601130074
601110003-1
601130108
601130391
601170186
601110003-2
601130115
601130392
605110015
601110115
601110170
601130116
601130202
605110012
601130171
601110623
601170002
601130117
601110239
605110008
601130170
601110624
601170003
601130119
601110240
601130017
601110214
601170004
601130120-1
601110005
601110275
601110179
601170005
601130121-1
601130201
601120093
601120113
601110437
601170006
601130122-1
601120094
601120114
601110609
601170008
601130123
601120025
601220005
601110163
601110327
601130124
605110003
601270094
601130420
601110328
601170009
601130125
601110255
601170025
601130174
601110329
601130126
601110065
601270095
601140021
601110330
601170011
601130094
601270096
601270100
601130424
601170012
601110103
601110242
601110131
601170013
601210047
601210106
601110009
601110070
601110438
601170014
601210056
601250010
601250020
601180100
601110119
601110006
601210049
601110168
601110331
601210050
601110068
601170133
601110332
601170015
601110069
601120108
601110353
601110333
601120100
601110053
601130322
601210000-1
601110440
601120101
601120040
601110150
601110322
601120157-V
601110172
601120102
601120055
601110151
601110432
601130026
601110160
601120105
601120056
601250021
601110601
601130318
601120106
601120014
601110220
601110602
601250080
601120111
601110008
601110603
605280000
601210187
602220000
601110433
601120134
601130189
602260000
601110580
602110006
601110046
601110265
601120065
601110323
601110556
601110047
601210054
601120062
602260021
601110604
601110048
601210009-1
601110109
601270051
601110605
601250050
601210025
601210000
601110054
601270053
601110607
602130020
601210024
601110200
601110434
601110253
601110049
601210070
601250027
601110481
601110549
601110050
601120063
601250040
601120300
601110401
601110051
601210153
601110251
602260004
601120120
601110557
601110052
601210151
601120064
601250045
601120140
601110264
601210026
601130280
601250047
601120141
601110355
601110055
601110007
601220006
601120142
601120098
601110061
601120061
601220007
601120032
601120074
601130400
601230043
602260020
601250041
601120030-24
601110167
601130405
602260002
601260025
601120030-32
601170043
601130408
601130255
601260026
601120030-16
601170044
601130410
601250008
601210183
601260050
601110581
601250049
601130409
601110246-L
601250015
601260051
601170134
601110209-M
601130403
601210164
601240008
601260052
601120310
601130402
601130353
601210039
601260036
601120311
602210003
601130404
602230001
601260035
601120312
601120157-VF
601130411
601170034
601270075
601170028
601120088
601130359
601130426
602260010
601270052
601270060
601120089
601210166
601110063
601270033
601210034
601270062
601120069
604180024
601130428
601270025
601230038
601170026
601120067
601210158
601210029
601270061
601210082
601130049
601120068
601110285
601210030
601270042
601110207
601130120
601230035
601130186-G
601110057
601270041
601110247
601130313
601110205
601130304-1
601110058
601130331
601130050
601110073-3
601110439
601210185
602260003
601130121
601170187
605110100
601210032
602260050
601130122
602220004
605110101
601210033
601270030
601260065
601130320
601140022
605110102
601130427
601130118-1
601260090
601130118
601120116
605110000
601110059
601210108
601120013-25
601120117
601120131
601110060
601210019
604180200
601120118
605110002
601130407
601260007
601210095
601210033-1
601110212-L
601130273
601130415
601220004
601260020
601210056-1
601120066
601130025
601110062
601110250
601240009
601210008-1
601110202
601110441
601130416
601170132
601210036
601210015-1
601130307
601110442
601130038
601170029
601210017
601210016-1
601130158
601120054
601130039
601270032
601130371
601220020
601130159
601120057
601130037
601240004
601170018
601220008
601250060
601120058
601130041
601130051
601260021
601110243
601120059
601130040
601130088-13
601270072
601120009-25
601110204
601120060
601130042
601220001
601170249
601110300
601170310
601120057-6
601130045
601130500
601270059
601220030
601110212-M
605110210
601130046
601210028
601210018
602210001
601130510
605110205
601130047
601110039
601130260
601130067
601170311
605110209
601130032
601170131
601130143
601130018
605110208
601130033
601210100
601130226
602260040
601120103
605110212
601130034
601270018
601210103
601130085
605110250
601210152
601110174
601130084
601110582
